"Status","Start Time","Stop Time","Duration in ms","Parent Suite","Suite","Sub Suite","Test Class","Test Method","Name","Description"
"broken","Thu Nov 12 12:27:11 GMT 2020","Thu Nov 12 12:27:33 GMT 2020","22059","test_repo","test_login","LoginSuccessfullyTest","","","test_login_successfully",""
